{ "M" : 1.0,
  "a" : -1.0,
  "mu" : 1.0,
  "E" : 0.9659696675555564,
  "Lz" : 4.31285,
  "C" : 0.0,
  "r" : 12.0,
  "theta" : 1.570796327,
  "phi" : 0.0,
  "time" : 5000.0,
  "step" : 0.5,
  "integratorOrder" : 4
}
