{ "M" : 1.0,
  "a" : -1.0,
  "mu" : 1.0,
  "E" : 0.965969668,
  "Lz" : 4.362473,
  "C" : 0.0,
  "r" : 12.0,
  "theta" : 1.570796326794896,
  "phi" : 0.0,
  "time" : 10.0,
  "step" : 0.01,
  "integratorOrder" : 4
}
