{ "M" : 1.0,
  "a" : -1.0,
  "mu" : 1.0,
  "E" : 0.9923245680777251,
  "Lz" : 4.72579911515081,
  "C" : 0.0,
  "r" : 6.0,
  "theta" : 1.570796327,
  "phi" : 0.0,
  "time" : 10.0,
  "step" : 0.01,
  "integratorOrder" : 4
}
