{ "M" : 1.0,
  "a" : 1.0,
  "mu" : 1.0,
  "E" : 0.962250448649377,
  "Lz" : 2.4,
  "C" : 3.0,
  "r" : 12.0,
  "theta" : 1.570796327,
  "time" : 10.0,
  "step" : 0.01,
  "integratorOrder" : 8
}
