{ "bodies" : [ { "mass" : 1.0,
        "pX" : 0.87546,
        "pY" : -0.31950,
        "pZ" : -0.31950,
        "qX" : 0.0,
        "qY" : -0.69548,
        "qZ" : 0.69548
      },
      { "mass" : 1.0,
        "pX" : 0.87546,
        "pY" : 0.31950,
        "pZ" : 0.31950,
        "qX" : 0.0,
        "qY" : 0.69548,
        "qZ" : -0.69548
      },
      { "mass" : 1.0,
        "pX" : -0.87546,
        "pY" : -0.31950,
        "pZ" : 0.31950,
        "qX" : 0.0,
        "qY" : -0.69548,
        "qZ" : -0.69548
      },
      { "mass" : 1.0,
        "pX" : -0.87546,
        "pY" : 0.31950,
        "pZ" : -0.31950,
        "qX" : 0.0,
        "qY" : 0.69548,
        "qZ" : 0.69548
      }
    ],
  "errorLimit" : -60.0,
  "g" : 1.0,
  "integratorOrder" : "sc6",
  "simulationTime" : 2.0e3,
  "timeStep" : 0.001,
  "plotratio" : 10
}
