{ "M" : 1.0,
  "a" : 0.0,
  "E" : 0.9944000000000003,
  "Lz" : 4.678,
  "C" : 0.0,
  "mu" : 1.0,
  "r" : 87.65741013420967,
  "theta" : 1.570796327,
  "phi" : 0.0,
  "time" : 10.0,
  "step" : 0.01,
  "integratorOrder" : 4
}
