{ "M" : 1.0,
  "a" : 1.0,
  "mu" : 1.0,
  "E" : 0.5815010471266,
  "Lz" : 0.717,
  "C" : 0.0,
  "r" : 1.4,
  "theta" : 1.57079632679,
  "time" : 20.0,
  "step" : 0.01,
  "integratorOrder" : 8
}
