{ "M" : 1.0,
  "a" : 1.0,
  "mu" : 0.0,
  "E" : 1.0,
  "Lz" : -1.0,
  "C" : 25.856406460551018,
  "r" : 2.732050807568877,
  "theta" : 1.570796327,
  "start" : 0.0,
  "duration" : 50.0,
  "step" : 0.001,
  "plotratio": 50,
  "integrator" : "sb4"
}
