{ "M" : 1.0,
  "a" : 1.0,
  "mu" : 0.0,
  "E" : 1.0,
  "Lz" : -6.0,
  "C" : 9.627416997969522,
  "r" : 3.8284271247461903,
  "theta" : 1.570796327,
  "start" : 0.0,
  "duration" : 10.0,
  "step" : 0.001,
  "integrator" : "sb4"
}
