{ "M" : 1.0,
  "a" : 1.0,
  "mu" : 0.0,
  "E" : 1.0,
  "Lz" : 0.0,
  "C" : 22.31370849898476,
  "r" : 2.414213562373095,
  "theta" : 1.570796327,
  "start" : 0.0,
  "duration" : 1.0,
  "step" : 0.0001,
  "integrator" : "sb2"
}
