{ "M" : 1.0,
  "a" : 1.0,
  "mu" : 0.0,
  "E" : 1.0,
  "L" : 0.0,
  "Q" : 22.31370849898476,
  "r0" : 2.414213562373095,
  "th0" : 1.570796327,
  "start" : 0.0,
  "duration" : 500.0,
  "step" : 0.001,
  "plotratio": 50,
  "integrator" : "sc4"
}
