{ "M" : 1.0,
  "a" : 0.0,
  "mu" : 1.0,
  "E" : 0.95,
  "Lz" : 1.5,
  "C" : 7.0,
  "r" : 14.64473,
  "theta" : 1.570796327,
  "phi" : 0.0,
  "time" : 10.0,
  "step" : 0.005,
  "integratorOrder" : 6
}
