{
  "generator" : "icgenParticle dnewton",
  "iterations" : 5,
  "residuals" : "R1: 0.0e+00, R2: 0.0e+00, TH: 0.0e+00",
  "deltas" : "dE: -5.6e-16, dL: -1.1e-14, dQ: -2.0e-46",
  "direction" : "PROGRADE",
  "M" : 1.0,
  "a" : 0.0,
  "mu" : 1.0,
  "E" : 0.99999999999999989,
  "L" : 3.9999999999999991,
  "Q" : 5.9990391306474282e-32,
  "r0" : 12,
  "th0" : 0,
  "start" : 0.0,
  "duration" : 5000.0,
  "step" : 0.001,
  "plotratio" : 500,
  "integrator" : "sc4"
}
