{ "M" : 1.0,
  "a" : 1.0,
  "mu" : 1.0,
  "E" : 0.9558,
  "Lz" : 0.035991,
  "C" : 14.119546,
  "r" : 10.0,
  "theta" : 1.570796327,
  "phi" : 0.0,
  "time" : 50.0,
  "step" : 0.005,
  "integratorOrder" : 8
}
