{ "M" : 1.0,
  "a" : 0.8,
  "mu" : 1.0,
  "E" : 0.957,
  "Lz" : 0.0,
  "C" : 14.198080959999999,
  "r" : 10.0,
  "theta" : 1.570796326794896,
  "phi" : 0.0,
  "time" : 10.0,
  "step" : 0.001,
  "integratorOrder" : 10
}
