{ "M" : 1.0,
  "a" : -1.0,
  "mu" : 1.0,
  "E" : 0.9804423409555844,
  "Lz" : 4.56,
  "C" : 4.0,
  "r" : 24.0,
  "theta" : 1.570796327,
  "phi" : 0.0,
  "time" : 5000.0,
  "step" : 1.0,
  "integratorOrder" : 6
}
