{ "M" : 1.0,
  "a" : 1.0,
  "mu" : 1.0,
  "E" : 0.9795744736337646,
  "Lz" : 2.8,
  "C" : 1.0,
  "r" : 24.0,
  "theta" : 1.570796327,
  "phi" : 0.0,
  "time" : 5000.0,
  "step" : 1.0,
  "integratorOrder" : 8
}
