{ "M" : 1.0,
  "a" : -1.0,
  "mu" : 1.0,
  "E" : 0.989352727272727,
  "Lz" : -4.683,
  "C" : 0.0,
  "r" : 12.201,
  "theta" : 1.570796327,
  "phi" : 0.0,
  "time" : 10.0,
  "step" : 0.005,
  "integratorOrder" : 6
}
