{ "M" : 1.0,
  "a" : 1.0,
  "E" : 0.9597235372904399,
  "Lz" : 3.3461357378187047,
  "C" : 0.0,
  "mu" : 1.0,
  "r" : 12.0,
  "theta" : 1.570796327,
  "phi" : 0.0,
  "time" : 10.0,
  "step" : 0.001,
  "integratorOrder" : 4
}
