{ "M" : 1.0,
  "a" : 0.95,
  "mu" : 1.0,
  "E" : 0.9,
  "Lz" : 1.707058,
  "C" : 4.021303,
  "r" : 4.0,
  "theta" : 1.570796327,
  "phi" : 0.0,
  "time" : 1000.0,
  "step" : 0.1,
  "integratorOrder" : 6
}
