{ "M" : 1.0,
  "a" : 1.0,
  "mu" : 1.0,
  "E" : 0.96,
  "Lz" : -2.667245,
  "C" : 9.381218,
  "r" : 10.0,
  "theta" : 1.570796326794896,
  "phi" : 0.0,
  "time" : 10.0,
  "step" : 0.01,
  "integratorOrder" : 6
}
