{ "M" : 1.0,
  "a" : 5.0,
  "mu" : 1.0,
  "E" : 0.952,
  "Lz" : -2.342524,
  "C" : 13.060278,
  "r" : 7.0,
  "theta" : 1.570796326794896,
  "phi" : 0.0,
  "time" : 10.0,
  "step" : 0.01,
  "integratorOrder" : 6
}
